8,finalTime14-001,2,3,3,2
13,0,0.5285819,-0.8488824,0,884.9438,0.8488824,0.5285819,0,642.6264,0,0,1,229.639
17,0,0.7226514,-0.6912127,0,-422.3825,0.6912127,0.7226514,0,992.1883,0,0,1,294.355
18,0,0.1771486,0.9841841,0,249.3021,-0.9841841,0.1771486,0,1593.203,0,0,1,264.481
19,0,0.1902133,0.9817428,0,224.0694,-0.9817428,0.1902133,0,1602.795,0,0,1,566.7241
20,0,0.9855514,-0.1693768,0,293.5013,0.1693768,0.9855514,0,879.847,0,0,1,291.388
16,0,0.7181242,-0.695915,0,-478.8509,0.695915,0.7181242,0,1007.187,0,0,1,544.612
14,0,0.9999776,-0.006696476,0,293.1721,0.006696476,0.9999776,0,846.7994,0,0,1,549.133
15,0,0.1024899,0.994734,0,-405.8173,-0.994734,0.1024899,0,1607.186,0,0,1,216.911
