8,finalTime23-001,2,3,3,1
13,0,0.97876,0.2050094,0,52.73567,-0.2050094,0.97876,0,718.7599,0,0,1,242.095
17,0,0.9954412,-0.0953775,0,-395.8835,0.0953775,0.9954412,0,1055.011,0,0,1,293.718
18,0,0.9755492,-0.2197814,0,579.2683,0.2197814,0.9755492,0,671.7881,0,0,1,296.961
19,0,0.9398149,0.3416841,0,553.027,-0.3416841,0.9398149,0,1735.949,0,0,1,248.252
20,0,0.08090878,0.9967214,0,-481.1757,-0.9967214,0.08090878,0,1794.655,0,0,1,264.679
16,0,0.9955303,-0.09444285,0,-426.7876,0.09444285,0.9955303,0,1018.38,0,0,1,548.389
14,0,0.2496416,0.9683383,0,-507.1553,-0.9683383,0.2496416,0,1797.01,0,0,1,510.15
