6,finalTime37-001,2,3,1,1
13,0,0.8486212,0.5290009,0,482.0157,-0.5290009,0.8486212,0,1416.911,0,0,1,221.391
5,0,0.4720711,-0.8815604,0,-492.239,0.8815604,0.4720711,0,1230.337,0,0,1,251.912
4,0,0.9411012,-0.338125,0,609.4046,0.338125,0.9411012,0,1112.021,0,0,1,94.5365
30,0,0.6538759,-0.7566018,0,-606.3136,0.7566018,0.6538759,0,2166.311,0,0,1,173.207
17,0,0.9996789,0.02534221,0,812.7557,-0.02534221,0.9996789,0,1902.902,0,0,1,260.751
11,0,0.4366885,-0.8996127,0,-450.117,0.8996127,0.4366885,0,1224.428,0,0,1,129.61
