6,finalTime40-001,2,3,1,2
13,0,0.6880298,0.7256824,0,439.2069,-0.7256824,0.6880298,0,1119.851,0,0,1,227.496
5,0,0.741423,-0.671038,0,-290.3239,0.671038,0.741423,0,1187.692,0,0,1,255.904
4,0,0.940082,-0.3409483,0,536.0262,0.3409483,0.940082,0,839.0316,0,0,1,103.5
30,0,0.7574571,-0.652885,0,-160.3833,0.652885,0.7574571,0,1925.478,0,0,1,172.554
17,0,0.9994226,0.03397877,0,768.3921,-0.03397877,0.9994226,0,1851.84,0,0,1,262.544
11,0,0.7729355,-0.6344846,0,-312.3816,0.6344846,0.7729355,0,1213.829,0,0,1,130.177
