9,finalTime46-001,2,1,1,2
13,0,0.5676799,0.8232494,0,489.4984,-0.8232494,0.5676799,0,1050.717,0,0,1,226.344
1,0,0.67295,-0.739688,0,971.3432,0.739688,0.67295,0,555.9658,0,0,1,108.557
5,0,0.9171029,0.3986506,0,87.66083,-0.3986506,0.9171029,0,970.7325,0,0,1,100.311
17,0,0.9996237,-0.02742978,0,-22.39059,0.02742978,0.9996237,0,1511.987,0,0,1,276.667
9,0,0.02211112,-0.9997555,0,587.4468,0.9997555,0.02211112,0,1555.316,0,0,1,110.363
21,0,0.5842886,0.811546,0,513.0831,-0.811546,0.5842886,0,1015.71,0,0,1,522.6
22,0,0.8491405,0.528167,0,-226.2887,-0.528167,0.8491405,0,933.4222,0,0,1,103.673
26,0,0.02573174,0.9996688,0,-477.1223,-0.9996688,0.02573174,0,1659.229,0,0,1,36.3004
29,0,0.8708522,0.4915448,0,1129.418,-0.4915448,0.8708522,0,1793.849,0,0,1,371.052
