7,finalTime51-001,2,2,1,1
13,0,0.8759075,0.482479,0,1146.339,-0.482479,0.8759075,0,1849.11,0,0,1,197.39
29,0,0.601379,-0.7989639,0,-435.97,0.7989639,0.601379,0,1985.213,0,0,1,374.969
21,0,0.747471,-0.6642944,0,156.433,0.6642944,0.747471,0,1070.162,0,0,1,263.114
1,0,0.5601586,-0.8283854,0,553.1328,0.8283854,0.5601586,0,1167.082,0,0,1,246.769
5,0,0.8503426,-0.5262296,0,606.4961,0.5262296,0.8503426,0,1509.224,0,0,1,84.2926
17,0,0.9153713,0.4026107,0,315.1826,-0.4026107,0.9153713,0,1908.58,0,0,1,261.163
11,0,0.824527,0.5658225,0,549.5737,-0.5658225,0.824527,0,1182.493,0,0,1,123.747
