7,finalTime8-002,2,2,1,2
13,0,0.9721078,0.2345343,0,1161.469,-0.2345343,0.9721078,0,1800.634,0,0,1,206.958
29,0,0.7187607,-0.6952575,0,-493.821,0.6952575,0.7187607,0,1840.287,0,0,1,380.22
21,0,0.6473079,-0.7622287,0,160.1703,0.7622287,0.6473079,0,1063.101,0,0,1,264.011
5,0,0.7457799,0.6661924,0,669.7844,-0.6661924,0.7457799,0,1485.887,0,0,1,82.0129
1,0,0.02921879,-0.9995731,0,560.9711,0.9995731,0.02921879,0,1245.889,0,0,1,245.535
17,0,0.7455883,0.6664068,0,300.2958,-0.6664068,0.7455883,0,1917.427,0,0,1,259.305
11,0,0.1316803,-0.9912922,0,558.9902,0.9912922,0.1316803,0,1223.828,0,0,1,122.078
